  1002.82c    1.9968  2.53010E-08   10/10/12
 1-H -  2 customized variable CM distribution                            mat 128
      0   0.000000      0   0.000000      0   0.000000      0   0.000000
      0   0.000000      0   0.000000      0   0.000000      0   0.000000
      0   0.000000      0   0.000000      0   0.000000      0   0.000000
      0   0.000000      0   0.000000      0   0.000000      0   0.000000
       62     1002        4        0        0        0        0        0
        0        0        0        0        0        0        0        0
        1        0        0        0        0        0        0       21
       22        0        0        0        0        0        0        0
        0        0        0        0        0      197        0        0
        0        0        0        0        0        0        0        0
   1.00000000000E-11   1.00000000000E+00   2.00000000000E+00   1.01354489000E+02
   1.00000000000E+01   1.00000000000E+01   1.00000000000E+01   1.00000000000E+01
   5.00000000000E+00   5.00000000000E+00   5.00000000000E+00   5.00000000000E+00
   5.00000000000E+00   5.00000000000E+00   5.00000000000E+00   5.00000000000E+00
   1.00000000000E+01   1.00000000000E+01   1.00000000000E+01   1.00000000000E+01
                   1                   2   1.00000000000E-11   1.01354489000E+02
                  -6                 -23                   2                   5
   -1.0000000000E+00   -5.0000000000E-01   0.00000000000E+00   5.00000000000E-01
   1.00000000000E+00   0.00000000000E+00   2.50000000000E-01   5.00000000000E-01   
   7.50000000000E-01   1.00000000000E+00   0.00000000000E+00   6.25000000000E-02   
   2.50000000000E-01   5.62500000000E-01   1.00000000000E+00                   2
                   5   -1.0000000000E+00   -5.0000000000E-01   0.00000000000E+00
   5.00000000000E-01   1.00000000000E+00   0.00000000000E+00   2.50000000000E-01
   5.00000000000E-01   7.50000000000E-01   1.00000000000E+00   0.00000000000E+00
   6.25000000000E-02   2.50000000000E-01   5.62500000000E-01   1.00000000000E+00
                   1                 102
